Benzyl Chloride
simulation study of PhCH2Cl
Data from theoreteical
39, 0, 0, 'We'
42.25
123.04
295.78
351.92
450.89
519.67
612.10
677.08
740.03
771.95
857.95
881.71
946.78
987.83
1039.15
1083.43
1100.07
1116.83
1118.03
1168.40
1195.12
1274.93
1288.57
1317.63
1346.65
1424.54
1470.19
1601.49
1616.23
1651.60
1766.95
1791.61
3260.57
3316.40
3318.35
3323.85
3330.57
3341.20
3351.76

1         "AMUA"
1 rot 40.57804302 1 1  !11.3 AMU*BOHR**2
5.  5000  7000  5000.  better man 5000. 
'nochekstart'


